020030090
000907000
900208005
004806500
607000208
023102900
800605007
000309000
030020050
========
005000006
070009020
000500107
804150000
000803000
000092805
907006100
030400010
200000600
========
040000050
001943600
009000300
600050072
103000506
800020007
005000200
002436700
030000040
========
004000200
000030002
390700080
400009001
209801307
600200008
010008053
900040000
000000800
========
360020089
007361000
000000000
803000602
400603007
607000108
000000000
000418000
970030014
========
500400060
009000800
640020000
000001008
208000501
700500000
080090084
003000600
060003002
========
007256400
400000005
010030060
000508000
008060200
000107000
030070090
200500004
006312700
========
000000000
079050180
800000007
007306800
450708096
003502700
701000005
016030420
000000000
========
030000080
009000500
007509200
700105008
020090030
900402001
004207100
002000800
070020090
========
200170603
050000100
002006079
000040700
000801000
009050000
310400000
005000060
906037002
========
053000790
009753400
100000002
090080010
000907000
080030070
500000003
007649200
061000940
========
006080307
049070250
000405000
600317004
007000800
100826079
000702000
075040190
003090600
========
005080700
700204005
320000084
060105040
048000500
070803010
450000091
600508007
003010600
========
000900800
128006400
070800960
800430007
500000009
600079008
090004010
003600284
001007000
========
000080000
270000054
095000810
009806400
020403060
006905100
017000620
460000038
000190000
========
000602000
400050001
085010620
038206710
000000000
019407350
026040530
900020007
000809060
========
600900002
050123400
030000160
908000000
070000090
000000205
091000050
007439020
400007000
========
380000000
000400785
009020300
060090000
800302009
000040070
001270500
495006000
000000092
========
000158000
002060830
030000040
027030510
000000000
046080790
050000080
004070100
000325000
========
010500200
900001000
002008030
500030007
008000500
600080004
040100700
000705006
003004050